ts kv_usage running waiting_cap apc_q apc_h ext_q ext_h preempt l1_obj l1_gb
10:40:49 0.0 0.0 HELP 0.0 0.0 0.0 0.0 0.0 0 0.0
10:40:54 0.0 0.0 HELP 0.0 0.0 0.0 0.0 0.0 0 0.0
10:40:59 0.1718802453688162 1.0 HELP 117181.0 0.0 117181.0 0.0 0.0 256 3.22
10:41:04 0.2235175634022034 0.0 HELP 117181.0 0.0 117181.0 0.0 0.0 521 6.56
10:41:09 0.2235175634022034 0.0 HELP 117181.0 0.0 117181.0 0.0 0.0 521 6.56
10:41:14 0.33289590136417735 1.0 HELP 206273.0 0.0 206273.0 0.0 0.0 745 9.37
10:41:19 0.39347514267403183 0.0 HELP 206273.0 0.0 206273.0 0.0 0.0 933 11.74
10:41:25 0.39347514267403183 0.0 HELP 206273.0 0.0 206273.0 0.0 0.0 965 12.14
10:41:30 0.5028534806360057 1.0 HELP 299072.0 0.0 299072.0 0.0 0.0 1125 14.16
10:41:35 0.5704824976348155 0.0 HELP 299072.0 0.0 299072.0 0.0 0.0 1359 17.1
10:41:40 0.5704824976348155 0.0 HELP 299072.0 0.0 299072.0 0.0 0.0 1391 17.5
10:41:45 0.6798608355967894 1.0 HELP 356831.0 0.0 356831.0 0.0 0.0 1615 20.32
10:41:50 0.6806543168431654 0.0 HELP 356831.0 0.0 356831.0 0.0 0.0 1648 20.74
10:41:55 0.6806543168431654 0.0 HELP 356831.0 0.0 356831.0 0.0 0.0 1680 21.14
10:42:00 0.7743461409344767 0.0 HELP 405939.0 0.0 405939.0 0.0 0.0 1967 24.75
10:42:05 0.5508285775322733 0.0 HELP 405939.0 0.0 405939.0 0.0 0.0 2200 27.68
10:42:10 0.0 0.0 HELP 471692.0 0.0 471692.0 0.0 0.0 3678 46.28
10:42:16 0.0 0.0 HELP 471692.0 0.0 471692.0 0.0 0.0 3678 46.28
10:42:21 0.04687643055513169 1.0 HELP 530057.0 0.0 530057.0 0.0 0.0 3870 48.7
10:42:26 0.0 0.0 HELP 530057.0 0.0 530057.0 0.0 0.0 4132 51.99
10:42:31 0.0 0.0 HELP 530057.0 0.0 530057.0 0.0 0.0 4132 51.99
10:42:36 0.15625476851710562 1.0 HELP 623580.0 0.0 623580.0 0.0 0.0 4772 60.05
10:42:41 0.0 0.0 HELP 623580.0 0.0 623580.0 0.0 0.0 4862 61.18
10:42:46 0.0 0.0 HELP 623580.0 0.0 623580.0 0.0 0.0 4862 61.18
10:42:51 0.0 0.0 HELP 684863.0 0.0 684863.0 0.0 0.0 5340 67.19
10:42:56 0.0 0.0 HELP 684863.0 0.0 684863.0 0.0 0.0 5340 67.19
10:43:01 0.09375286111026337 1.0 HELP 795069.0 0.0 795069.0 0.0 0.0 5724 72.02
10:43:07 0.0 0.0 HELP 795069.0 0.0 795069.0 0.0 0.0 6200 78.01
10:43:12 0.0 0.0 HELP 795069.0 0.0 795069.0 0.0 0.0 6200 78.01
10:43:17 0.06250190740684225 1.0 HELP 851969.0 0.0 851969.0 0.0 0.0 6456 81.24
10:43:22 0.0 0.0 HELP 851969.0 0.0 851969.0 0.0 0.0 6644 83.6
10:43:27 0.0 0.0 HELP 851969.0 0.0 851969.0 0.0 0.0 6644 83.6
10:43:32 0.1718802453688162 1.0 HELP 969369.0 0.0 969369.0 0.0 0.0 7348 92.46
10:43:37 0.0 0.0 HELP 969369.0 0.0 969369.0 0.0 0.0 7560 95.13
10:43:42 0.0 0.0 HELP 969369.0 0.0 969369.0 0.0 0.0 7560 95.13
10:43:47 0.14062929166539506 1.0 HELP 1.044171e+06 0.0 1.044171e+06 0.0 0.0 8072 101.57
10:43:52 0.0 0.0 HELP 1.044171e+06 0.0 1.044171e+06 0.0 0.0 8144 102.48
10:43:58 0.0 0.0 HELP 1.044171e+06 0.0 1.044171e+06 0.0 0.0 8144 102.48
10:44:03 0.0 0.0 HELP 1.083544e+06 0.0 1.083544e+06 0.0 0.0 8450 106.33
10:44:08 0.0 0.0 HELP 1.083544e+06 0.0 1.083544e+06 0.0 0.0 8450 106.33
10:44:13 0.15625476851710562 1.0 HELP 1.209333e+06 0.0 1.209333e+06 0.0 0.0 9090 114.38
10:44:18 0.0 0.0 HELP 1.209333e+06 0.0 1.209333e+06 0.0 0.0 9432 118.68
10:44:23 0.09375286111026337 1.0 HELP 1.287995e+06 0.0 1.287995e+06 0.0 0.0 9816 123.51
10:44:28 0.07812738425855281 1.0 HELP 1.399269e+06 0.0 1.399269e+06 0.0 0.0 10366 130.43
10:44:33 0.0 0.0 HELP 1.399269e+06 0.0 1.399269e+06 0.0 0.0 10914 137.33
10:44:38 0.0 0.0 HELP 1.510744e+06 111264.0 1.39948e+06 0.0 0.0 10916 137.36
10:44:43 0.21390423291726435 1.0 HELP 1.734555e+06 334528.0 1.400027e+06 0.0 0.0 10924 137.46
10:44:49 0.3086947233497116 2.0 HELP 1.845154e+06 334528.0 1.510626e+06 0.0 0.0 10928 137.51
10:44:54 0.2159184545426801 2.0 HELP 1.845557e+06 334528.0 1.511029e+06 0.0 0.0 10934 137.58
10:44:59 0.47932370983001193 3.0 HELP 1.983182e+06 413184.0 1.569998e+06 0.0 0.0 11400 143.45
10:45:04 0.24277474288155765 3.0 HELP 2.058888e+06 413200.0 1.645688e+06 0.0 0.0 11434 143.87
10:45:09 0.26227607043671985 3.0 HELP 2.109994e+06 413216.0 1.696778e+06 0.0 0.0 11922 150.01
10:45:14 0.3884090701010162 3.0 HELP 2.229514e+06 519264.0 1.71025e+06 0.0 0.0 12040 151.5
10:45:19 0.3938718832972198 3.0 HELP 2.290658e+06 578912.0 1.711746e+06 0.0 0.0 12062 151.78
10:45:24 0.3987548448133793 3.0 HELP 2.353219e+06 640048.0 1.713171e+06 0.0 0.0 12086 152.08
10:45:29 0.12118900112918485 1.0 HELP 2.353219e+06 640048.0 1.713171e+06 0.0 0.0 12096 152.2
10:45:35 0.2686544389172033 2.0 HELP 2.577986e+06 784800.0 1.793186e+06 0.0 0.0 12124 152.56
10:45:40 0.31247901852473525 2.0 HELP 2.664615e+06 867888.0 1.796727e+06 0.0 0.0 12172 153.16
10:45:45 0.3375957518234809 2.0 HELP 2.7817e+06 867888.0 1.913812e+06 0.0 0.0 12176 153.21
10:45:50 0.5167088839381084 4.0 HELP 2.966147e+06 1.00896e+06 1.957187e+06 0.0 0.0 12508 157.39
10:45:55 0.5277565843684194 4.0 HELP 3.01135e+06 1.050688e+06 1.960662e+06 0.0 0.0 12554 157.97
10:46:00 0.3306680501724296 3.0 HELP 3.150152e+06 1.182528e+06 1.967624e+06 0.0 0.0 12624 158.85
10:46:05 0.33384197515793324 2.0 HELP 3.229789e+06 1.260736e+06 1.969053e+06 0.0 0.0 12648 159.15
10:46:10 0.49613940855128635 3.0 HELP 3.317901e+06 1.325216e+06 1.992685e+06 0.0 0.0 12840 161.56
10:46:16 0.5011749626148259 3.0 HELP 3.399403e+06 1.404848e+06 1.994555e+06 0.0 0.0 12850 161.69
10:46:21 0.3275856807153539 2.0 HELP 3.399403e+06 1.404848e+06 1.994555e+06 0.0 0.0 12878 162.04
10:46:26 0.33820612201300093 3.0 HELP 3.493233e+06 1.494992e+06 1.998241e+06 0.0 0.0 12918 162.55
10:46:31 0.2958159123508408 2.0 HELP 3.648129e+06 1.64296e+06 2.005169e+06 0.0 0.0 12982 163.35
10:46:36 0.30231635486922814 3.0 HELP 3.742929e+06 1.733824e+06 2.009105e+06 0.0 0.0 13024 163.88
10:46:41 0.18411816766869105 2.0 HELP 3.807989e+06 1.796368e+06 2.011621e+06 0.0 0.0 13054 164.26
10:46:46 0.36451307718131043 2.0 HELP 3.998456e+06 1.980528e+06 2.017928e+06 0.0 0.0 13110 164.96
10:46:51 0.3722952970976897 3.0 HELP 4.096155e+06 2.074928e+06 2.021227e+06 0.0 0.0 13144 165.39
10:46:56 0.18979461043122658 2.0 HELP 4.096155e+06 2.074928e+06 2.021227e+06 0.0 0.0 13156 165.54
10:47:02 0.38206122013000887 2.0 HELP 4.202273e+06 2.170784e+06 2.031489e+06 0.0 0.0 13228 166.45
10:47:07 0.38981292153691216 2.0 HELP 4.299581e+06 2.265504e+06 2.034077e+06 0.0 0.0 13272 167.0
10:47:12 0.39225440229499187 2.0 HELP 4.299581e+06 2.265504e+06 2.034077e+06 0.0 0.0 13282 167.13
10:47:17 0.3947264015625477 2.0 HELP 4.299581e+06 2.265504e+06 2.034077e+06 0.0 0.0 13292 167.25
10:47:22 0.19013031403546254 1.0 HELP 4.299581e+06 2.265504e+06 2.034077e+06 0.0 0.0 13300 167.35
10:47:27 0.18939786980803852 1.0 HELP 4.482121e+06 2.444288e+06 2.037833e+06 0.0 0.0 13334 167.78
10:47:32 0.3537400433362835 2.0 HELP 4.567096e+06 2.527712e+06 2.039384e+06 0.0 0.0 13358 168.08
10:47:37 0.35746330149235517 2.0 HELP 4.653682e+06 2.61248e+06 2.041202e+06 0.0 0.0 13378 168.33
10:47:42 0.5454268013550219 3.0 HELP 4.780697e+06 2.61248e+06 2.168217e+06 0.0 0.0 13380 168.36
10:47:48 0.7294228949858088 5.0 HELP 4.88313e+06 2.61248e+06 2.27065e+06 0.0 0.0 13564 170.67
10:47:53 0.4857325968199713 4.0 HELP 4.934478e+06 2.612496e+06 2.321982e+06 0.0 0.0 13992 176.06
10:47:58 0.5636768700216681 4.0 HELP 5.172345e+06 2.846464e+06 2.325881e+06 0.0 0.0 14036 176.61
10:48:03 0.4402905362102115 4.0 HELP 5.2153e+06 2.866944e+06 2.348356e+06 0.0 0.0 14222 178.95
10:48:08 0.4968108157597583 4.0 HELP 5.305246e+06 2.955456e+06 2.34979e+06 0.0 0.0 14250 179.31
10:48:13 0.32786034730063784 3.0 HELP 5.305246e+06 2.955456e+06 2.34979e+06 0.0 0.0 14268 179.53
10:48:18 0.3308511612292856 3.0 HELP 5.396991e+06 3.045392e+06 2.351599e+06 0.0 0.0 14298 179.91
10:48:23 0.5129856257820369 4.0 HELP 5.490667e+06 3.137136e+06 2.353531e+06 0.0 0.0 14326 180.26
10:48:28 0.32093264564958646 3.0 HELP 5.537854e+06 3.18008e+06 2.357774e+06 0.0 0.0 14374 180.87
10:48:34 0.14349803155613883 2.0 HELP 5.537854e+06 3.18008e+06 2.357774e+06 0.0 0.0 14386 181.02
10:48:39 0.09204382457960758 1.0 HELP 5.537854e+06 3.18008e+06 2.357774e+06 0.0 0.0 14392 181.09
10:48:44 0.09366130558183539 1.0 HELP 5.537854e+06 3.18008e+06 2.357774e+06 0.0 0.0 14398 181.17
10:48:49 0.09530930509353919 1.0 HELP 5.537854e+06 3.18008e+06 2.357774e+06 0.0 0.0 14406 181.27
10:48:54 0.1589403973509934 2.0 HELP 5.590361e+06 3.227264e+06 2.363097e+06 0.0 0.0 14458 181.92
10:48:59 0.16193121127964105 2.0 HELP 5.590361e+06 3.227264e+06 2.363097e+06 0.0 0.0 14470 182.07
10:49:04 0.1649220252082888 2.0 HELP 5.590361e+06 3.227264e+06 2.363097e+06 0.0 0.0 14482 182.23
10:49:09 0.16791283913693655 2.0 HELP 5.590361e+06 3.227264e+06 2.363097e+06 0.0 0.0 14494 182.38
10:49:14 0.1708426160466323 2.0 HELP 5.590361e+06 3.227264e+06 2.363097e+06 0.0 0.0 14506 182.53
10:49:20 0.17380291146580396 2.0 HELP 5.590361e+06 3.227264e+06 2.363097e+06 0.0 0.0 14518 182.68
10:49:25 0.1767632068849757 2.0 HELP 5.590361e+06 3.227264e+06 2.363097e+06 0.0 0.0 14530 182.83
10:49:30 0.0 0.0 HELP 5.590361e+06 3.227264e+06 2.363097e+06 0.0 0.0 14540 182.96
10:49:35 0.18341624195074313 1.0 HELP 5.685967e+06 3.320928e+06 2.365039e+06 0.0 0.0 14560 183.21
10:49:40 0.0 0.0 HELP 5.685967e+06 3.320928e+06 2.365039e+06 0.0 0.0 14562 183.23
10:49:45 0.0 0.0 HELP 5.685967e+06 3.320928e+06 2.365039e+06 0.0 0.0 14562 183.23
10:49:50 0.0 0.0 HELP 5.685967e+06 3.320928e+06 2.365039e+06 0.0 0.0 14562 183.23
10:49:55 0.0 0.0 HELP 5.685967e+06 3.320928e+06 2.365039e+06 0.0 0.0 14562 183.23
10:50:00 0.0 0.0 HELP 5.685967e+06 3.320928e+06 2.365039e+06 0.0 0.0 14562 183.23
10:50:06 0.0 0.0 HELP 5.685967e+06 3.320928e+06 2.365039e+06 0.0 0.0 14562 183.23
10:50:11 0.0 0.0 HELP 5.685967e+06 3.320928e+06 2.365039e+06 0.0 0.0 14562 183.23
10:50:16 0.0 0.0 HELP 5.685967e+06 3.320928e+06 2.365039e+06 0.0 0.0 14562 183.23
10:50:21 0.0 0.0 HELP 5.685967e+06 3.320928e+06 2.365039e+06 0.0 0.0 14562 183.23
10:50:26 0.0 0.0 HELP 5.685967e+06 3.320928e+06 2.365039e+06 0.0 0.0 14562 183.23
10:50:31 0.0 0.0 HELP 5.685967e+06 3.320928e+06 2.365039e+06 0.0 0.0 14562 183.23
10:50:36 0.0 0.0 HELP 5.685967e+06 3.320928e+06 2.365039e+06 0.0 0.0 14562 183.23
10:50:41 0.0 0.0 HELP 5.685967e+06 3.320928e+06 2.365039e+06 0.0 0.0 14562 183.23
10:50:46 0.0 0.0 HELP 5.685967e+06 3.320928e+06 2.365039e+06 0.0 0.0 14562 183.23
10:50:52 0.0 0.0 HELP 5.685967e+06 3.320928e+06 2.365039e+06 0.0 0.0 14562 183.23
10:50:57 0.0 0.0 HELP 5.685967e+06 3.320928e+06 2.365039e+06 0.0 0.0 14562 183.23
10:51:02 0.0 0.0 HELP 5.685967e+06 3.320928e+06 2.365039e+06 0.0 0.0 14562 183.23
10:51:07 0.0 0.0 HELP 5.685967e+06 3.320928e+06 2.365039e+06 0.0 0.0 14562 183.23
10:51:12 0.0 0.0 HELP 5.685967e+06 3.320928e+06 2.365039e+06 0.0 0.0 14562 183.23
10:51:17 0.0 0.0 HELP 5.685967e+06 3.320928e+06 2.365039e+06 0.0 0.0 14562 183.23
10:51:22 0.0 0.0 HELP 5.685967e+06 3.320928e+06 2.365039e+06 0.0 0.0 14562 183.23
10:51:27         NA NA
10:51:33         NA NA
10:51:38         NA NA
10:51:43         NA NA
10:51:48         NA NA
10:51:53         NA NA
10:51:58         0 0.0
10:52:03         0 0.0
10:52:08         0 0.0
10:52:13         0 0.0
10:52:19         0 0.0
10:52:24         0 0.0
10:52:29         0 0.0
10:52:34         0 0.0
10:52:39         0 0.0
10:52:44         0 0.0
10:52:49         0 0.0
10:52:54         0 0.0
10:52:59         0 0.0
10:53:05         0 0.0
10:53:10         0 0.0
10:53:15         0 0.0
10:53:20         0 0.0
10:53:25         0 0.0
10:53:30         0 0.0
10:53:35 0.0 0.0 HELP 0.0 0.0 0.0 0.0 0.0 0 0.0
10:53:40 0.0 0.0 HELP 0.0 0.0 0.0 0.0 0.0 0 0.0
10:53:45 0.0 0.0 HELP 0.0 0.0 0.0 0.0 0.0 0 0.0
10:53:50 0.0 0.0 HELP 0.0 0.0 0.0 0.0 0.0 0 0.0
10:53:56 0.0 0.0 HELP 0.0 0.0 0.0 0.0 0.0 0 0.0
10:54:01 0.0 0.0 HELP 0.0 0.0 0.0 0.0 0.0 0 0.0
10:54:06 0.0 0.0 HELP 0.0 0.0 0.0 0.0 0.0 0 0.0
10:54:11 0.0 0.0 HELP 0.0 0.0 0.0 0.0 0.0 0 0.0
10:54:16 0.0 0.0 HELP 0.0 0.0 0.0 0.0 0.0 0 0.0
10:54:21 0.0 0.0 HELP 57759.0 0.0 57759.0 0.0 0.0 0 0.0
10:54:26 0.0 0.0 HELP 57759.0 0.0 57759.0 0.0 0.0 0 0.0
10:54:31 0.18751144479033144 1.0 HELP 115249.0 0.0 115249.0 0.0 0.0 0 0.0
10:54:36 0.0 0.0 HELP 115249.0 0.0 115249.0 0.0 0.0 0 0.0
10:54:41 0.0 0.0 HELP 115249.0 0.0 115249.0 0.0 0.0 0 0.0
10:54:47 0.0 0.0 HELP 164359.0 0.0 164359.0 0.0 0.0 0 0.0
10:54:52 0.0 0.0 HELP 164359.0 0.0 164359.0 0.0 0.0 0 0.0
10:54:57 0.28126716718549716 1.0 HELP 257362.0 0.0 257362.0 0.0 0.0 0 0.0
10:55:02 0.6250381493011048 0.0 HELP 257362.0 0.0 257362.0 0.0 0.0 674 8.48
10:55:07 0.6250381493011048 0.0 HELP 257362.0 0.0 257362.0 0.0 0.0 1089 13.7
10:55:12 0.3125190746505524 0.0 HELP 296733.0 0.0 296733.0 0.0 1.0 1920 24.16
10:55:17 0.3125190746505524 0.0 HELP 296733.0 0.0 296733.0 0.0 1.0 1920 24.16
10:55:22 0.2500762986022096 2.0 HELP 443649.0 0.0 443649.0 0.0 1.0 1920 24.16
10:55:27 0.0 0.0 HELP 443649.0 0.0 443649.0 0.0 1.0 1920 24.16
10:55:32 0.0 0.0 HELP 500182.0 0.0 500182.0 0.0 1.0 1920 24.16
10:55:38 0.22016724653604347 1.0 HELP 614747.0 113504.0 501243.0 0.0 1.0 3308 41.62
10:55:43 0.2237685405603369 1.0 HELP 731459.0 229216.0 502243.0 0.0 1.0 3308 41.62
10:55:48 0.22761399011170114 1.0 HELP 850193.0 346896.0 503297.0 0.0 1.0 3308 41.62
10:55:53 0.0 0.0 HELP 910374.0 406480.0 503894.0 0.0 1.0 3308 41.62
10:55:58 0.23792956113044006 1.0 HELP 1.047869e+06 527216.0 520653.0 0.0 1.0 3308 41.62
10:56:03 0.24226332173594578 1.0 HELP 1.173938e+06 652096.0 521842.0 0.0 1.0 3308 41.62
10:56:08 0.2768113288164561 2.0 HELP 1.311139e+06 779264.0 531875.0 0.0 1.0 3308 41.62
10:56:13 0.31258011353232007 1.0 HELP 1.399439e+06 779280.0 620159.0 0.0 1.0 3308 41.62
10:56:18 0.5887810535310993 2.0 HELP 1.529555e+06 908400.0 621155.0 0.0 1.0 3308 41.62
10:56:23 0.341756699017274 1.0 HELP 1.595524e+06 973712.0 621812.0 0.0 1.0 3308 41.62
10:56:29 0.3493865592382348 2.0 HELP 1.789576e+06 1.106032e+06 683544.0 0.0 1.0 3308 41.62
10:56:34 0.0 0.0 HELP 1.856853e+06 1.172784e+06 684069.0 0.0 1.0 4064 51.14
10:56:39 0.2652749801623634 1.0 HELP 2.055005e+06 1.36864e+06 686365.0 0.0 1.0 4064 51.14
10:56:44 0.2685100408960508 1.0 HELP 2.195262e+06 1.507904e+06 687358.0 0.0 1.0 4064 51.14
10:56:49 0.0 0.0 HELP 2.266173e+06 1.578224e+06 687949.0 0.0 1.0 4064 51.14
10:56:54 0.2438503326619056 1.0 HELP 2.472878e+06 1.781552e+06 691326.0 0.0 1.0 4064 51.14
10:56:59 0.27833730086064823 1.0 HELP 2.683282e+06 1.989328e+06 693954.0 0.0 1.0 4064 51.14
10:57:04 0.25221265946407867 1.0 HELP 2.887655e+06 2.19256e+06 695095.0 0.0 1.0 4064 51.14
10:57:09 0.5395837148263444 2.0 HELP 3.035936e+06 2.339648e+06 696288.0 0.0 1.0 4064 51.14
10:57:14 0.2577061588231704 1.0 HELP 3.110827e+06 2.41408e+06 696747.0 0.0 1.0 4064 51.14
10:57:20 0.0 0.0 HELP 3.262113e+06 2.564368e+06 697745.0 0.0 1.0 4064 51.14
10:57:25 0.48086431056583046 2.0 HELP 3.504955e+06 2.716624e+06 788331.0 0.0 1.0 4064 51.14
10:57:30 0.7646951107855704 3.0 HELP 3.547917e+06 2.716624e+06 831293.0 0.0 1.0 4240 53.35
10:57:35 0.9620338155404993 3.0 HELP 6.531557e+06 2.793472e+06 899473.0 0.0 2.0 4252 53.5
10:57:40 0.9343832020997376 4.0 HELP 6.574663e+06 2.793488e+06 942563.0 0.0 3.0 4254 53.53
10:57:45 0.8685222486724044 4.0 HELP 8.749194e+06 3.864592e+06 967286.0 0.0 4.0 4716 59.34
10:57:50 0.4242812671671855 3.0 HELP 8.792414e+06 3.864592e+06 1.010506e+06 0.0 5.0 4738 59.62
10:57:55 0.8152353048892145 4.0 HELP 8.95461e+06 3.934416e+06 1.102878e+06 0.0 5.0 4774 60.07
10:58:00 0.7790392480009767 4.0 HELP 2.3666372e+07 1.4900208e+07 1.1159e+06 0.0 5.0 4774 60.07
10:58:05 0.4484526643471891 3.0 HELP 3.8913028e+07 1.9520528e+07 1.178498e+06 0.0 6.0 4796 60.35
10:58:11 0.7308185314045046 4.0 HELP 6.0922141e+07 1.9520528e+07 1.251371e+06 0.0 6.0 4814 60.57
10:58:16 0.9227247756821095 4.0 HELP 8.8799446e+07 1.9520528e+07 1.342772e+06 0.0 6.0 4814 60.57
10:58:21 0.561618751144479 3.0 HELP 8.8846631e+07 1.9563472e+07 1.347013e+06 0.0 6.0 4814 60.57
10:58:26 0.9387169627052432 4.0 HELP 8.8987243e+07 1.9563472e+07 1.487625e+06 0.0 7.0 4832 60.8
10:58:31 0.8231703595190136 4.0 HELP 1.04471464e+08 1.9563472e+07 1.487625e+06 0.0 8.0 4832 60.8
10:58:36 0.919916987120796 4.0 HELP 1.26837561e+08 1.9563472e+07 1.562428e+06 0.0 8.0 4832 60.8
10:58:41 0.5372031984374046 2.0 HELP 1.26837561e+08 1.9563472e+07 1.562428e+06 0.0 9.0 4832 60.8
10:58:46 0.18580235610083629 1.0 HELP 1.26837561e+08 1.9563472e+07 1.562428e+06 0.0 9.0 4832 60.8
10:58:51 0.5401330647622535 2.0 HELP 1.26929424e+08 1.9655264e+07 1.562499e+06 0.0 9.0 4922 61.93
10:58:56 0.6667887444302021 3.0 HELP 1.26981929e+08 1.9675744e+07 1.594524e+06 0.0 9.0 4922 61.93
10:59:02 0.8914728682170543 4.0 HELP 1.2703897e+08 1.9675744e+07 1.651565e+06 56832.0 9.0 4922 61.93
10:59:07 0.4154916681926387 3.0 HELP 1.27180592e+08 1.9767616e+07 1.701315e+06 56832.0 9.0 4940 62.16
10:59:50 0.5426966977964964 2.0 HELP 1.27239307e+08 1.9802928e+07 1.724718e+06 78352.0 9.0 NA NA
10:59:55 0.343893059879143 2.0 HELP 1.27239307e+08 1.9802928e+07 1.724718e+06 78352.0 9.0 NA NA
11:00:00 0.343893059879143 2.0 HELP 1.27239307e+08 1.9802928e+07 1.724718e+06 78352.0 9.0 NA NA
11:00:05 0.343893059879143 2.0 HELP 1.27239307e+08 1.9802928e+07 1.724718e+06 78352.0 9.0 NA NA
11:00:10 0.343893059879143 2.0 HELP 1.27239307e+08 1.9802928e+07 1.724718e+06 78352.0 9.0 NA NA
11:00:16 0.343893059879143 2.0 HELP 1.27239307e+08 1.9802928e+07 1.724718e+06 78352.0 9.0 NA NA
11:00:21 0.343893059879143 2.0 HELP 1.27239307e+08 1.9802928e+07 1.724718e+06 78352.0 9.0 NA NA
11:00:26 0.343893059879143 2.0 HELP 1.27239307e+08 1.9802928e+07 1.724718e+06 78352.0 9.0 NA NA
11:00:31 0.343893059879143 2.0 HELP 1.27239307e+08 1.9802928e+07 1.724718e+06 78352.0 9.0 NA NA
11:00:36 0.343893059879143 2.0 HELP 1.27239307e+08 1.9802928e+07 1.724718e+06 78352.0 9.0 NA NA
11:00:41 0.343893059879143 2.0 HELP 1.27239307e+08 1.9802928e+07 1.724718e+06 78352.0 9.0 NA NA
11:00:47 0.343893059879143 2.0 HELP 1.27239307e+08 1.9802928e+07 1.724718e+06 78352.0 9.0 NA NA
11:00:52 0.343893059879143 2.0 HELP 1.27239307e+08 1.9802928e+07 1.724718e+06 78352.0 9.0 NA NA
11:00:57 0.343893059879143 2.0 HELP 1.27239307e+08 1.9802928e+07 1.724718e+06 78352.0 9.0 NA NA
11:01:02 0.343893059879143 2.0 HELP 1.27239307e+08 1.9802928e+07 1.724718e+06 78352.0 9.0 NA NA
11:01:07 0.343893059879143 2.0 HELP 1.27239307e+08 1.9802928e+07 1.724718e+06 78352.0 9.0 NA NA
11:01:13 0.343893059879143 2.0 HELP 1.27239307e+08 1.9802928e+07 1.724718e+06 78352.0 9.0 NA NA
11:01:18 0.343893059879143 2.0 HELP 1.27239307e+08 1.9802928e+07 1.724718e+06 78352.0 9.0 NA NA
11:01:23 0.343893059879143 2.0 HELP 1.27239307e+08 1.9802928e+07 1.724718e+06 78352.0 9.0 NA NA
11:01:28 0.343893059879143 2.0 HELP 1.27239307e+08 1.9802928e+07 1.724718e+06 78352.0 9.0 NA NA
11:01:33 0.343893059879143 2.0 HELP 1.27239307e+08 1.9802928e+07 1.724718e+06 78352.0 9.0 NA NA
11:01:38 0.343893059879143 2.0 HELP 1.27239307e+08 1.9802928e+07 1.724718e+06 78352.0 9.0 NA NA
11:01:44 0.343893059879143 2.0 HELP 1.27239307e+08 1.9802928e+07 1.724718e+06 78352.0 9.0 NA NA
11:01:49 0.343893059879143 2.0 HELP 1.27239307e+08 1.9802928e+07 1.724718e+06 78352.0 9.0 NA NA
11:01:54 0.343893059879143 2.0 HELP 1.27239307e+08 1.9802928e+07 1.724718e+06 78352.0 9.0 NA NA
11:01:59 0.343893059879143 2.0 HELP 1.27239307e+08 1.9802928e+07 1.724718e+06 78352.0 9.0 NA NA
11:02:04 0.343893059879143 2.0 HELP 1.27239307e+08 1.9802928e+07 1.724718e+06 78352.0 9.0 NA NA
11:02:09 0.343893059879143 2.0 HELP 1.27239307e+08 1.9802928e+07 1.724718e+06 78352.0 9.0 NA NA
11:02:15 0.343893059879143 2.0 HELP 1.27239307e+08 1.9802928e+07 1.724718e+06 78352.0 9.0 NA NA
11:02:20 0.343893059879143 2.0 HELP 1.27239307e+08 1.9802928e+07 1.724718e+06 78352.0 9.0 NA NA
11:02:25 0.343893059879143 2.0 HELP 1.27239307e+08 1.9802928e+07 1.724718e+06 78352.0 9.0 NA NA
11:02:30 0.343893059879143 2.0 HELP 1.27239307e+08 1.9802928e+07 1.724718e+06 78352.0 9.0 NA NA
11:02:35 0.343893059879143 2.0 HELP 1.27239307e+08 1.9802928e+07 1.724718e+06 78352.0 9.0 NA NA
11:02:40 0.343893059879143 2.0 HELP 1.27239307e+08 1.9802928e+07 1.724718e+06 78352.0 9.0 NA NA
