ts kv_usage running waiting_cap apc_q apc_h ext_q ext_h preempt l1_obj l1_gb
10:53:42 0.0 0.0 HELP 0.0 0.0 0.0 0.0 0.0 0 0.0
10:53:47 0.0 0.0 HELP 0.0 0.0 0.0 0.0 0.0 0 0.0
10:53:52 0.0 0.0 HELP 0.0 0.0 0.0 0.0 0.0 0 0.0
10:53:57 0.0 0.0 HELP 0.0 0.0 0.0 0.0 0.0 0 0.0
10:54:02 0.0 0.0 HELP 0.0 0.0 0.0 0.0 0.0 0 0.0
10:54:07 0.0 0.0 HELP 0.0 0.0 0.0 0.0 0.0 0 0.0
10:54:12 0.0 0.0 HELP 0.0 0.0 0.0 0.0 0.0 0 0.0
10:54:18 0.0 0.0 HELP 0.0 0.0 0.0 0.0 0.0 0 0.0
10:54:23 0.0 0.0 HELP 57759.0 0.0 57759.0 0.0 0.0 0 0.0
10:54:28 0.0 0.0 HELP 57759.0 0.0 57759.0 0.0 0.0 0 0.0
10:54:33 0.0 0.0 HELP 115249.0 0.0 115249.0 0.0 0.0 0 0.0
10:54:38 0.0 0.0 HELP 115249.0 0.0 115249.0 0.0 0.0 0 0.0
10:54:43 0.1562595373252762 1.0 HELP 164359.0 0.0 164359.0 0.0 0.0 0 0.0
10:54:48 0.0 0.0 HELP 164359.0 0.0 164359.0 0.0 0.0 0 0.0
10:54:53 0.0 0.0 HELP 164359.0 0.0 164359.0 0.0 0.0 0 0.0
10:54:58 0.6250381493011048 0.0 HELP 257362.0 0.0 257362.0 0.0 0.0 450 5.66
10:55:04 0.6250381493011048 0.0 HELP 257362.0 0.0 257362.0 0.0 0.0 865 10.88
10:55:09 0.6250381493011048 0.0 HELP 257362.0 0.0 257362.0 0.0 0.0 1280 16.11
10:55:14 0.3125190746505524 0.0 HELP 296733.0 0.0 296733.0 0.0 1.0 1920 24.16
10:55:19 0.3125190746505524 0.0 HELP 296733.0 0.0 296733.0 0.0 1.0 1920 24.16
10:55:24 0.2415308551547336 1.0 HELP 443649.0 0.0 443649.0 0.0 1.0 1920 24.16
10:55:29 0.12500762986022096 1.0 HELP 500182.0 0.0 500182.0 0.0 1.0 1920 24.16
10:55:34 0.2177867301471037 1.0 HELP 557172.0 56528.0 500644.0 0.0 1.0 3308 41.62
10:55:39 0.0 0.0 HELP 614747.0 113504.0 501243.0 0.0 1.0 3308 41.62
10:55:44 0.0 0.0 HELP 731459.0 229216.0 502243.0 0.0 1.0 3308 41.62
10:55:49 0.0 0.0 HELP 850193.0 346896.0 503297.0 0.0 1.0 3308 41.62
10:55:55 0.23194775071720686 1.0 HELP 970949.0 466656.0 504293.0 0.0 1.0 3308 41.62
10:56:00 0.23933345541109685 1.0 HELP 1.110579e+06 589392.0 521187.0 0.0 1.0 3308 41.62
10:56:05 0.0 0.0 HELP 1.173938e+06 652096.0 521842.0 0.0 1.0 3308 41.62
10:56:10 0.281877556003174 2.0 HELP 1.311139e+06 779264.0 531875.0 0.0 1.0 3308 41.62
10:56:15 0.5848135262161998 2.0 HELP 1.464236e+06 843616.0 620620.0 0.0 1.0 3308 41.62
10:56:20 0.3399255325642434 1.0 HELP 1.529555e+06 908400.0 621155.0 0.0 1.0 3308 41.62
10:56:25 0.2539827870353415 1.0 HELP 1.661886e+06 1.03968e+06 622206.0 0.0 1.0 3308 41.62
10:56:30 0.49191234816578155 2.0 HELP 1.789576e+06 1.106032e+06 683544.0 0.0 1.0 3782 47.59
10:56:35 0.49282793139229686 2.0 HELP 1.985661e+06 1.300976e+06 684685.0 0.0 1.0 4064 51.14
10:56:40 0.0 0.0 HELP 2.055005e+06 1.36864e+06 686365.0 0.0 1.0 4064 51.14
10:56:46 0.0 0.0 HELP 2.195262e+06 1.507904e+06 687358.0 0.0 1.0 4064 51.14
10:56:51 0.27302691814685953 1.0 HELP 2.337477e+06 1.64912e+06 688357.0 0.0 1.0 4064 51.14
10:56:56 0.2766282121711531 1.0 HELP 2.545353e+06 1.853424e+06 691929.0 0.0 1.0 4064 51.14
10:57:01 0.0 0.0 HELP 2.748608e+06 2.054384e+06 694224.0 0.0 1.0 4064 51.14
10:57:06 0.5354941097479093 2.0 HELP 2.961504e+06 2.265808e+06 695696.0 0.0 1.0 4064 51.14
10:57:11 0.2558749923701398 1.0 HELP 3.035936e+06 2.339648e+06 696288.0 0.0 1.0 4064 51.14
10:57:16 0.2885307941158518 1.0 HELP 3.18624e+06 2.48896e+06 697280.0 0.0 1.0 4064 51.14
10:57:21 0.2919489714948422 1.0 HELP 3.33851e+06 2.64024e+06 698270.0 0.0 1.0 4064 51.14
10:57:26 0.6059329793078191 2.0 HELP 3.504955e+06 2.716624e+06 788331.0 0.0 1.0 4064 51.14
10:57:31 0.50778245742538 2.0 HELP 3.547917e+06 2.716624e+06 831293.0 0.0 2.0 4240 53.35
10:57:37 0.7695171824452176 4.0 HELP 6.531965e+06 2.793472e+06 899881.0 0.0 3.0 4252 53.5
10:57:42 0.9372520295428188 4.0 HELP 7.863253e+06 3.407888e+06 942563.0 0.0 3.0 4254 53.53
10:57:47 0.5236525666849783 3.0 HELP 8.749194e+06 3.864592e+06 967286.0 0.0 4.0 4716 59.34
10:57:52 0.698284807422328 4.0 HELP 8.863539e+06 3.934416e+06 1.011807e+06 0.0 5.0 4738 59.62
10:57:57 0.8809741805530122 4.0 HELP 1.095791e+07 5.372736e+06 1.102878e+06 0.0 5.0 4774 60.07
10:58:02 0.8900079350546298 4.0 HELP 2.9464692e+07 1.9520528e+07 1.130779e+06 0.0 5.0 4774 60.07
10:58:07 0.6672160166025758 4.0 HELP 3.8985901e+07 1.9520528e+07 1.251371e+06 0.0 6.0 4814 60.57
10:58:12 0.7338094366111213 4.0 HELP 7.9202341e+07 1.9520528e+07 1.251371e+06 0.0 6.0 4814 60.57
10:58:17 0.8997741561374596 4.0 HELP 8.8799446e+07 1.9520528e+07 1.342772e+06 0.0 6.0 4814 60.57
10:58:22 0.6878471586400536 4.0 HELP 8.8895449e+07 1.9563472e+07 1.395831e+06 0.0 6.0 4820 60.65
10:58:28 0.781480803271684 4.0 HELP 8.8987243e+07 1.9563472e+07 1.487625e+06 0.0 7.0 4832 60.8
10:58:33 0.8261612647256302 4.0 HELP 1.19058049e+08 1.9563472e+07 1.487625e+06 0.0 8.0 4832 60.8
10:58:38 0.9262650308246353 4.0 HELP 1.26837561e+08 1.9563472e+07 1.562428e+06 0.0 9.0 4832 60.8
10:58:43 0.5390343648904352 2.0 HELP 1.26837561e+08 1.9563472e+07 1.562428e+06 0.0 9.0 4832 60.8
10:58:48 0.18696209485442228 1.0 HELP 1.26837561e+08 1.9563472e+07 1.562428e+06 0.0 9.0 4832 60.8
10:58:53 0.5419642312152841 2.0 HELP 1.26929424e+08 1.9655264e+07 1.562499e+06 0.0 9.0 4922 61.93
10:58:58 0.8853689800402856 3.0 HELP 1.2703897e+08 1.9675744e+07 1.651565e+06 56832.0 9.0 4922 61.93
10:59:03 0.31905023499969476 2.0 HELP 1.2703897e+08 1.9675744e+07 1.651565e+06 56832.0 9.0 4922 61.93
10:59:08 0.5043642800463896 3.0 HELP 1.27180592e+08 1.9767616e+07 1.701315e+06 56832.0 9.0 4940 62.16
10:59:50 0.5447720197765977 2.0 HELP 1.27239307e+08 1.9802928e+07 1.724718e+06 78352.0 9.0 NA NA
10:59:55 0.343893059879143 2.0 HELP 1.27239307e+08 1.9802928e+07 1.724718e+06 78352.0 9.0 NA NA
11:00:00 0.343893059879143 2.0 HELP 1.27239307e+08 1.9802928e+07 1.724718e+06 78352.0 9.0 NA NA
11:00:05 0.343893059879143 2.0 HELP 1.27239307e+08 1.9802928e+07 1.724718e+06 78352.0 9.0 NA NA
11:00:10 0.343893059879143 2.0 HELP 1.27239307e+08 1.9802928e+07 1.724718e+06 78352.0 9.0 NA NA
11:00:16 0.343893059879143 2.0 HELP 1.27239307e+08 1.9802928e+07 1.724718e+06 78352.0 9.0 NA NA
11:00:21 0.343893059879143 2.0 HELP 1.27239307e+08 1.9802928e+07 1.724718e+06 78352.0 9.0 NA NA
11:00:26 0.343893059879143 2.0 HELP 1.27239307e+08 1.9802928e+07 1.724718e+06 78352.0 9.0 NA NA
11:00:31 0.343893059879143 2.0 HELP 1.27239307e+08 1.9802928e+07 1.724718e+06 78352.0 9.0 NA NA
11:00:36 0.343893059879143 2.0 HELP 1.27239307e+08 1.9802928e+07 1.724718e+06 78352.0 9.0 NA NA
11:00:41 0.343893059879143 2.0 HELP 1.27239307e+08 1.9802928e+07 1.724718e+06 78352.0 9.0 NA NA
11:00:47 0.343893059879143 2.0 HELP 1.27239307e+08 1.9802928e+07 1.724718e+06 78352.0 9.0 NA NA
11:00:52 0.343893059879143 2.0 HELP 1.27239307e+08 1.9802928e+07 1.724718e+06 78352.0 9.0 NA NA
11:00:57 0.343893059879143 2.0 HELP 1.27239307e+08 1.9802928e+07 1.724718e+06 78352.0 9.0 NA NA
11:01:02 0.343893059879143 2.0 HELP 1.27239307e+08 1.9802928e+07 1.724718e+06 78352.0 9.0 NA NA
11:01:07 0.343893059879143 2.0 HELP 1.27239307e+08 1.9802928e+07 1.724718e+06 78352.0 9.0 NA NA
11:01:13 0.343893059879143 2.0 HELP 1.27239307e+08 1.9802928e+07 1.724718e+06 78352.0 9.0 NA NA
11:01:18 0.343893059879143 2.0 HELP 1.27239307e+08 1.9802928e+07 1.724718e+06 78352.0 9.0 NA NA
11:01:23 0.343893059879143 2.0 HELP 1.27239307e+08 1.9802928e+07 1.724718e+06 78352.0 9.0 NA NA
11:01:28 0.343893059879143 2.0 HELP 1.27239307e+08 1.9802928e+07 1.724718e+06 78352.0 9.0 NA NA
11:01:33 0.343893059879143 2.0 HELP 1.27239307e+08 1.9802928e+07 1.724718e+06 78352.0 9.0 NA NA
11:01:38 0.343893059879143 2.0 HELP 1.27239307e+08 1.9802928e+07 1.724718e+06 78352.0 9.0 NA NA
11:01:44 0.343893059879143 2.0 HELP 1.27239307e+08 1.9802928e+07 1.724718e+06 78352.0 9.0 NA NA
11:01:49 0.343893059879143 2.0 HELP 1.27239307e+08 1.9802928e+07 1.724718e+06 78352.0 9.0 NA NA
11:01:54 0.343893059879143 2.0 HELP 1.27239307e+08 1.9802928e+07 1.724718e+06 78352.0 9.0 NA NA
11:01:59 0.343893059879143 2.0 HELP 1.27239307e+08 1.9802928e+07 1.724718e+06 78352.0 9.0 NA NA
11:02:04 0.343893059879143 2.0 HELP 1.27239307e+08 1.9802928e+07 1.724718e+06 78352.0 9.0 NA NA
11:02:09 0.343893059879143 2.0 HELP 1.27239307e+08 1.9802928e+07 1.724718e+06 78352.0 9.0 NA NA
11:02:15 0.343893059879143 2.0 HELP 1.27239307e+08 1.9802928e+07 1.724718e+06 78352.0 9.0 NA NA
11:02:20 0.343893059879143 2.0 HELP 1.27239307e+08 1.9802928e+07 1.724718e+06 78352.0 9.0 NA NA
11:02:25 0.343893059879143 2.0 HELP 1.27239307e+08 1.9802928e+07 1.724718e+06 78352.0 9.0 NA NA
11:02:30 0.343893059879143 2.0 HELP 1.27239307e+08 1.9802928e+07 1.724718e+06 78352.0 9.0 NA NA
11:02:35 0.343893059879143 2.0 HELP 1.27239307e+08 1.9802928e+07 1.724718e+06 78352.0 9.0 NA NA
11:02:40 0.343893059879143 2.0 HELP 1.27239307e+08 1.9802928e+07 1.724718e+06 78352.0 9.0 NA NA
11:02:46 0.343893059879143 2.0 HELP 1.27239307e+08 1.9802928e+07 1.724718e+06 78352.0 9.0 NA NA
11:02:51 0.343893059879143 2.0 HELP 1.27239307e+08 1.9802928e+07 1.724718e+06 78352.0 9.0 NA NA
11:02:56 0.343893059879143 2.0 HELP 1.27239307e+08 1.9802928e+07 1.724718e+06 78352.0 9.0 NA NA
11:03:01 0.343893059879143 2.0 HELP 1.27239307e+08 1.9802928e+07 1.724718e+06 78352.0 9.0 NA NA
11:03:06 0.343893059879143 2.0 HELP 1.27239307e+08 1.9802928e+07 1.724718e+06 78352.0 9.0 NA NA
11:03:12 0.343893059879143 2.0 HELP 1.27239307e+08 1.9802928e+07 1.724718e+06 78352.0 9.0 NA NA
11:03:17 0.343893059879143 2.0 HELP 1.27239307e+08 1.9802928e+07 1.724718e+06 78352.0 9.0 NA NA
11:03:22 0.343893059879143 2.0 HELP 1.27239307e+08 1.9802928e+07 1.724718e+06 78352.0 9.0 NA NA
11:03:27 0.343893059879143 2.0 HELP 1.27239307e+08 1.9802928e+07 1.724718e+06 78352.0 9.0 NA NA
11:03:32 0.343893059879143 2.0 HELP 1.27239307e+08 1.9802928e+07 1.724718e+06 78352.0 9.0 NA NA
11:03:37 0.343893059879143 2.0 HELP 1.27239307e+08 1.9802928e+07 1.724718e+06 78352.0 9.0 NA NA
11:03:43 0.343893059879143 2.0 HELP 1.27239307e+08 1.9802928e+07 1.724718e+06 78352.0 9.0 NA NA
11:03:48 0.343893059879143 2.0 HELP 1.27239307e+08 1.9802928e+07 1.724718e+06 78352.0 9.0 NA NA
11:03:53         NA NA
11:03:58         NA NA
11:04:03         NA NA
11:04:08         NA NA
11:04:14         NA NA
11:04:19         NA NA
11:04:24         NA NA
11:04:29         NA NA
11:04:34         NA NA
11:04:39         NA NA
11:04:44         NA NA
11:04:50         NA NA
11:04:55         NA NA
11:05:00         NA NA
11:05:05         NA NA
11:05:10         NA NA
11:05:15         NA NA
11:05:21         NA NA
11:05:26         NA NA
11:05:31         0 0.0
11:05:36         0 0.0
11:05:41         0 0.0
11:05:46         0 0.0
11:05:51         0 0.0
11:05:56         0 0.0
11:06:01         0 0.0
11:06:06         0 0.0
11:06:11         0 0.0
11:06:17         0 0.0
11:06:22         0 0.0
11:06:27         0 0.0
11:06:32         0 0.0
11:06:40         0 0.0
11:06:45         0 0.0
11:06:50         0 0.0
11:06:55         0 0.0
11:07:00         0 0.0
11:07:05 0.0 0.0 HELP 0.0 0.0 0.0 0.0 0.0 0 0.0
11:07:11 0.0 0.0 HELP 0.0 0.0 0.0 0.0 0.0 0 0.0
11:07:16 0.0 0.0 HELP 0.0 0.0 0.0 0.0 0.0 0 0.0
11:07:21 0.0 0.0 HELP 0.0 0.0 0.0 0.0 0.0 0 0.0
11:07:26 0.0 0.0 HELP 0.0 0.0 0.0 0.0 0.0 0 0.0
11:07:31 0.0 0.0 HELP 0.0 0.0 0.0 0.0 0.0 0 0.0
11:07:36 0.0 0.0 HELP 0.0 0.0 0.0 0.0 0.0 0 0.0
11:07:41 0.0 0.0 HELP 0.0 0.0 0.0 0.0 0.0 0 0.0
11:07:46 0.0 0.0 HELP 0.0 0.0 0.0 0.0 0.0 0 0.0
11:07:51 0.0 0.0 HELP 0.0 0.0 0.0 0.0 0.0 0 0.0
11:07:56 0.0 0.0 HELP 0.0 0.0 0.0 0.0 0.0 0 0.0
11:08:05         NA NA
11:08:10         NA NA
11:08:15         NA NA
11:08:20         NA NA
11:08:26         NA NA
11:08:31         NA NA
11:08:36         NA NA
11:08:41         NA NA
11:08:46         0 0.0
11:08:51         0 0.0
11:08:56         0 0.0
11:09:02         NA NA
11:09:07         NA NA
11:09:12         NA NA
11:09:17         NA NA
11:09:22         0 0.0
11:09:27         0 0.0
11:09:32         0 0.0
11:09:37         0 0.0
11:09:42         0 0.0
11:09:48         0 0.0
11:09:53         0 0.0
11:09:58         0 0.0
11:10:03         0 0.0
11:10:08         0 0.0
11:10:13         0 0.0
11:10:18         0 0.0
11:10:23         0 0.0
11:10:30         0 0.0
11:10:35         0 0.0
11:10:40         0 0.0
11:10:46         0 0.0
11:10:51         0 0.0
11:10:56 0.0 0.0 HELP 0.0 0.0 0.0 0.0 0.0 0 0.0
11:11:01 0.0 0.0 HELP 0.0 0.0 0.0 0.0 0.0 0 0.0
11:11:06 0.0 0.0 HELP 0.0 0.0 0.0 0.0 0.0 0 0.0
11:11:11 0.0 0.0 HELP 57760.0 0.0 57760.0 0.0 0.0 0 0.0
11:11:16 0.0 0.0 HELP 57760.0 0.0 57760.0 0.0 0.0 0 0.0
11:11:21 0.0 0.0 HELP 115248.0 0.0 115248.0 0.0 0.0 0 0.0
11:11:26 0.0 0.0 HELP 115248.0 0.0 115248.0 0.0 0.0 0 0.0
11:11:31 0.12500762986022096 1.0 HELP 164356.0 0.0 164356.0 0.0 0.0 0 0.0
11:11:36 0.0 0.0 HELP 164356.0 0.0 164356.0 0.0 0.0 0 0.0
11:11:42 0.0 0.0 HELP 164356.0 0.0 164356.0 0.0 0.0 0 0.0
11:11:47 0.9798571690166636 1.0 HELP 257355.0 0.0 257355.0 0.0 0.0 450 5.66
11:11:52 0.6250381493011048 0.0 HELP 257355.0 0.0 257355.0 0.0 0.0 1280 16.11
11:11:57 0.6250381493011048 0.0 HELP 257355.0 0.0 257355.0 0.0 0.0 1280 16.11
11:12:02 0.3125190746505524 0.0 HELP 296727.0 0.0 296727.0 0.0 1.0 1920 24.16
11:12:07 0.3125190746505524 0.0 HELP 296727.0 0.0 296727.0 0.0 1.0 1920 24.16
11:12:12 0.21027894768967836 1.0 HELP 443641.0 0.0 443641.0 0.0 1.0 1920 24.16
11:12:17 0.06250381493011048 1.0 HELP 500175.0 0.0 500175.0 0.0 1.0 1920 24.16
11:12:22 0.21760361350180069 1.0 HELP 557166.0 56528.0 500638.0 0.0 1.0 3308 41.62
11:12:27 0.0 0.0 HELP 614742.0 113504.0 501238.0 0.0 1.0 3308 41.62
11:12:32 0.0 0.0 HELP 731456.0 229232.0 502224.0 0.0 1.0 3308 41.62
11:12:38 0.0 0.0 HELP 850192.0 346912.0 503280.0 0.0 1.0 3308 41.62
11:12:43 0.2318256729536715 1.0 HELP 970950.0 466672.0 504278.0 0.0 1.0 3308 41.62
11:12:48 0.0 0.0 HELP 1.047871e+06 527248.0 520623.0 0.0 1.0 3308 41.62
11:12:53 0.0 0.0 HELP 1.173942e+06 652128.0 521814.0 0.0 1.0 3308 41.62
11:12:58 0.28151132271256796 2.0 HELP 1.311145e+06 779312.0 531833.0 0.0 1.0 3308 41.62
11:13:03 0.5845083318073613 2.0 HELP 1.464243e+06 843664.0 620579.0 0.0 1.0 3308 41.62
11:13:08 0.3397424159189404 1.0 HELP 1.529563e+06 908448.0 621115.0 0.0 1.0 3308 41.62
11:13:13 0.2537996703900385 1.0 HELP 1.661896e+06 1.039728e+06 622168.0 0.0 1.0 3308 41.62
11:13:18 0.9152780321064518 1.0 HELP 1.789585e+06 1.10608e+06 683505.0 0.0 1.0 3754 47.24
11:13:23 0.4929500091558323 2.0 HELP 1.98567e+06 1.301024e+06 684646.0 0.0 1.0 4068 51.19
11:13:28 0.26698406885185866 1.0 HELP 2.124947e+06 1.438032e+06 686915.0 0.0 1.0 4068 51.19
11:13:34 0.0 0.0 HELP 2.195274e+06 1.507952e+06 687322.0 0.0 1.0 4068 51.19
11:13:39 0.0 0.0 HELP 2.337491e+06 1.649184e+06 688307.0 0.0 1.0 4068 51.19
11:13:44 0.5213330891778063 2.0 HELP 2.545367e+06 1.853472e+06 691895.0 0.0 1.0 4068 51.19
11:13:49 0.2493438320209974 1.0 HELP 2.748619e+06 2.054432e+06 694187.0 0.0 1.0 4068 51.19
11:13:54 0.252334737227614 1.0 HELP 2.961515e+06 2.265872e+06 695643.0 0.0 1.0 4068 51.19
11:13:59 0.5409265702252335 2.0 HELP 3.11084e+06 2.414144e+06 696696.0 0.0 1.0 4068 51.19
11:14:04 0.0 0.0 HELP 3.186254e+06 2.489024e+06 697230.0 0.0 1.0 4068 51.19
11:14:09 0.29231520478544837 1.0 HELP 3.338526e+06 2.640304e+06 698222.0 0.0 1.0 4068 51.19
11:14:14 0.5752914606604407 2.0 HELP 3.504972e+06 2.716688e+06 788284.0 0.0 1.0 4068 51.19
11:14:19 0.6844289812610633 3.0 HELP 3.625378e+06 2.716688e+06 908690.0 0.0 2.0 4254 53.53
11:14:25 0.929439052676555 3.0 HELP 9.032098e+06 2.716688e+06 976274.0 0.0 2.0 4264 53.65
11:14:30 0.9331013855826161 4.0 HELP 9.075198e+06 2.716704e+06 1.019358e+06 0.0 3.0 4266 53.68
11:14:35 0.8672404321552829 4.0 HELP 1.7435152e+07 6.736928e+06 1.04408e+06 0.0 4.0 4728 59.49
11:14:40 0.42324360617713486 3.0 HELP 2.2275456e+07 6.736928e+06 1.087297e+06 0.0 5.0 4750 59.77
11:14:45 0.7214185436122811 4.0 HELP 2.243765e+07 6.806752e+06 1.179667e+06 0.0 5.0 4750 59.77
11:14:50 0.7780015870109259 4.0 HELP 3.1108696e+07 1.3600432e+07 1.19235e+06 0.0 5.0 4786 60.22
11:14:55 0.7975950680583532 4.0 HELP 4.6726772e+07 1.7141952e+07 1.254607e+06 0.0 6.0 4808 60.5
11:15:00 0.7299639870597571 4.0 HELP 6.6527066e+07 1.7141952e+07 1.327478e+06 0.0 6.0 4826 60.73
11:15:05 0.8307391808582066 4.0 HELP 9.1936544e+07 1.7141952e+07 1.418879e+06 0.0 6.0 4826 60.73
11:15:11 0.5607031679179637 3.0 HELP 9.198373e+07 1.7184896e+07 1.423121e+06 0.0 6.0 4826 60.73
11:15:16 0.5943966306537265 4.0 HELP 1.00477593e+08 1.7184896e+07 1.56373e+06 0.0 7.0 4832 60.8
11:15:21 0.8226820484648721 4.0 HELP 1.07508887e+08 1.7184896e+07 1.56373e+06 0.0 8.0 4844 60.95
11:15:26 0.9190014038942806 4.0 HELP 1.27705157e+08 1.7184896e+07 1.638531e+06 0.0 8.0 4844 60.95
11:15:31 0.5365317707379601 2.0 HELP 1.27705157e+08 1.7184896e+07 1.638531e+06 0.0 9.0 4844 60.95
11:15:36 0.1853140450466948 1.0 HELP 1.27705157e+08 1.7184896e+07 1.638531e+06 0.0 9.0 4844 60.95
11:15:41 0.5395226759445767 2.0 HELP 1.2779702e+08 1.7276688e+07 1.638602e+06 0.0 9.0 4934 62.08
